# Created by Octave 4.2.0, Tue Sep 24 22:15:14 2019 GMT <unknown@unknown>
# name: v
# type: matrix
# rows: 10
# columns: 1
 2640
 2640
 2640
 2640
 2640
 2640
 2640
 2640
 2640
 2640


# name: v
# type: matrix
# rows: 10
# columns: 1
 2640
 2640
 2640
 2640
 2640
 2640
 2640
 2640
 2640
 2640


